Tompkins-Paige
[ [ 1, 2, 3, 4 ],
  [ 2, 1, 3, 4 ],
  [ 2, 3, 1, 4 ],
  [ 3, 2, 1, 4 ],
  [ 3, 1, 2, 4 ],
  [ 1, 3, 2, 4 ],
  [ 2, 3, 4, 1 ],
  [ 3, 2, 4, 1 ],
  [ 3, 4, 2, 1 ],
  [ 4, 3, 2, 1 ],
  [ 4, 2, 3, 1 ],
  [ 2, 4, 3, 1 ],
  [ 3, 4, 1, 2 ],
  [ 4, 3, 1, 2 ],
  [ 4, 1, 3, 2 ],
  [ 1, 4, 3, 2 ],
  [ 1, 3, 4, 2 ],
  [ 3, 1, 4, 2 ],
  [ 4, 1, 2, 3 ],
  [ 1, 4, 2, 3 ],
  [ 1, 2, 4, 3 ],
  [ 2, 1, 4, 3 ],
  [ 2, 4, 1, 3 ],
  [ 4, 2, 1, 3 ] ]
Lehmer
[ [ 1, 2, 3, 4 ],
  [ 2, 3, 4, 1 ],
  [ 3, 4, 1, 2 ],
  [ 4, 1, 2, 3 ],
  [ 1, 3, 4, 2 ],
  [ 2, 4, 1, 3 ],
  [ 3, 1, 2, 4 ],
  [ 4, 2, 3, 1 ],
  [ 1, 4, 2, 3 ],
  [ 2, 1, 3, 4 ],
  [ 3, 2, 4, 1 ],
  [ 4, 3, 1, 2 ],
  [ 1, 2, 4, 3 ],
  [ 2, 3, 1, 4 ],
  [ 3, 4, 2, 1 ],
  [ 4, 1, 3, 2 ],
  [ 1, 3, 2, 4 ],
  [ 2, 4, 3, 1 ],
  [ 3, 1, 4, 2 ],
  [ 4, 2, 1, 3 ],
  [ 1, 4, 3, 2 ],
  [ 2, 1, 4, 3 ],
  [ 3, 2, 1, 4 ],
  [ 4, 3, 2, 1 ] ]
Wells
[ [ 1, 2, 3, 4 ],
  [ 2, 1, 3, 4 ],
  [ 2, 3, 1, 4 ],
  [ 3, 2, 1, 4 ],
  [ 3, 1, 2, 4 ],
  [ 1, 3, 2, 4 ],
  [ 1, 3, 4, 2 ],
  [ 3, 1, 4, 2 ],
  [ 3, 4, 1, 2 ],
  [ 4, 3, 1, 2 ],
  [ 4, 1, 3, 2 ],
  [ 1, 4, 3, 2 ],
  [ 1, 4, 2, 3 ],
  [ 4, 1, 2, 3 ],
  [ 4, 2, 1, 3 ],
  [ 2, 4, 1, 3 ],
  [ 2, 1, 4, 3 ],
  [ 1, 2, 4, 3 ],
  [ 3, 2, 4, 1 ],
  [ 2, 3, 4, 1 ],
  [ 2, 4, 3, 1 ],
  [ 4, 2, 3, 1 ],
  [ 4, 3, 2, 1 ],
  [ 3, 4, 2, 1 ] ]
Schrack-Shimrat
[ [ 1, 2, 3, 4 ],
  [ 2, 1, 3, 4 ],
  [ 1, 3, 2, 4 ],
  [ 3, 1, 2, 4 ],
  [ 2, 3, 1, 4 ],
  [ 3, 2, 1, 4 ],
  [ 1, 2, 4, 3 ],
  [ 2, 1, 4, 3 ],
  [ 1, 4, 2, 3 ],
  [ 4, 1, 2, 3 ],
  [ 2, 4, 1, 3 ],
  [ 4, 2, 1, 3 ],
  [ 1, 3, 4, 2 ],
  [ 3, 1, 4, 2 ],
  [ 1, 4, 3, 2 ],
  [ 4, 1, 3, 2 ],
  [ 3, 4, 1, 2 ],
  [ 4, 3, 1, 2 ],
  [ 2, 3, 4, 1 ],
  [ 3, 2, 4, 1 ],
  [ 2, 4, 3, 1 ],
  [ 4, 2, 3, 1 ],
  [ 3, 4, 2, 1 ],
  [ 4, 3, 2, 1 ] ]
Heap
[ [ 1, 2, 3, 4 ],
  [ 2, 1, 3, 4 ],
  [ 3, 1, 2, 4 ],
  [ 1, 3, 2, 4 ],
  [ 2, 3, 1, 4 ],
  [ 3, 2, 1, 4 ],
  [ 4, 2, 1, 3 ],
  [ 2, 4, 1, 3 ],
  [ 1, 4, 2, 3 ],
  [ 4, 1, 2, 3 ],
  [ 2, 1, 4, 3 ],
  [ 1, 2, 4, 3 ],
  [ 1, 3, 4, 2 ],
  [ 3, 1, 4, 2 ],
  [ 4, 1, 3, 2 ],
  [ 1, 4, 3, 2 ],
  [ 3, 4, 1, 2 ],
  [ 4, 3, 1, 2 ],
  [ 4, 3, 2, 1 ],
  [ 3, 4, 2, 1 ],
  [ 2, 4, 3, 1 ],
  [ 4, 2, 3, 1 ],
  [ 3, 2, 4, 1 ],
  [ 2, 3, 4, 1 ] ]
Hall
[ [ 1, 2, 3, 4 ],
  [ 1, 2, 4, 3 ],
  [ 1, 4, 2, 3 ],
  [ 4, 1, 2, 3 ],
  [ 1, 3, 2, 4 ],
  [ 1, 3, 4, 2 ],
  [ 1, 4, 3, 2 ],
  [ 4, 1, 3, 2 ],
  [ 3, 1, 2, 4 ],
  [ 3, 1, 4, 2 ],
  [ 3, 4, 1, 2 ],
  [ 4, 3, 1, 2 ],
  [ 2, 1, 3, 4 ],
  [ 2, 1, 4, 3 ],
  [ 2, 4, 1, 3 ],
  [ 4, 2, 1, 3 ],
  [ 2, 3, 1, 4 ],
  [ 2, 3, 4, 1 ],
  [ 2, 4, 3, 1 ],
  [ 4, 2, 3, 1 ],
  [ 3, 2, 1, 4 ],
  [ 3, 2, 4, 1 ],
  [ 3, 4, 2, 1 ],
  [ 4, 3, 2, 1 ] ]
Coveyou-Sullivan
[ [ 1, 2, 3, 4 ],
  [ 1, 2, 4, 3 ],
  [ 1, 4, 3, 2 ],
  [ 4, 2, 3, 1 ],
  [ 1, 3, 2, 4 ],
  [ 1, 3, 4, 2 ],
  [ 1, 4, 2, 3 ],
  [ 4, 3, 2, 1 ],
  [ 3, 2, 1, 4 ],
  [ 3, 2, 4, 1 ],
  [ 3, 4, 1, 2 ],
  [ 4, 2, 1, 3 ],
  [ 2, 1, 3, 4 ],
  [ 2, 1, 4, 3 ],
  [ 2, 4, 3, 1 ],
  [ 4, 1, 3, 2 ],
  [ 2, 3, 1, 4 ],
  [ 2, 3, 4, 1 ],
  [ 2, 4, 1, 3 ],
  [ 4, 3, 1, 2 ],
  [ 3, 1, 2, 4 ],
  [ 3, 1, 4, 2 ],
  [ 3, 4, 2, 1 ],
  [ 4, 1, 2, 3 ] ]
[ [ [ 1, 2, 3, 4 ], [ 'KICK', 'THAT', 'HABIT', 'MAN' ] ],
  [ [ 1, 2, 4, 3 ], [ 'KICK', 'THAT', 'MAN', 'HABIT' ] ],
  [ [ 1, 4, 2, 3 ], [ 'KICK', 'MAN', 'THAT', 'HABIT' ] ],
  [ [ 4, 1, 2, 3 ], [ 'MAN', 'KICK', 'THAT', 'HABIT' ] ],
  [ [ 1, 3, 2, 4 ], [ 'KICK', 'HABIT', 'THAT', 'MAN' ] ],
  [ [ 1, 3, 4, 2 ], [ 'KICK', 'HABIT', 'MAN', 'THAT' ] ],
  [ [ 1, 4, 3, 2 ], [ 'KICK', 'MAN', 'HABIT', 'THAT' ] ],
  [ [ 4, 1, 3, 2 ], [ 'MAN', 'KICK', 'HABIT', 'THAT' ] ],
  [ [ 3, 1, 2, 4 ], [ 'HABIT', 'KICK', 'THAT', 'MAN' ] ],
  [ [ 3, 1, 4, 2 ], [ 'HABIT', 'KICK', 'MAN', 'THAT' ] ],
  [ [ 3, 4, 1, 2 ], [ 'HABIT', 'MAN', 'KICK', 'THAT' ] ],
  [ [ 4, 3, 1, 2 ], [ 'MAN', 'HABIT', 'KICK', 'THAT' ] ],
  [ [ 2, 1, 3, 4 ], [ 'THAT', 'KICK', 'HABIT', 'MAN' ] ],
  [ [ 2, 1, 4, 3 ], [ 'THAT', 'KICK', 'MAN', 'HABIT' ] ],
  [ [ 2, 4, 1, 3 ], [ 'THAT', 'MAN', 'KICK', 'HABIT' ] ],
  [ [ 4, 2, 1, 3 ], [ 'MAN', 'THAT', 'KICK', 'HABIT' ] ],
  [ [ 2, 3, 1, 4 ], [ 'THAT', 'HABIT', 'KICK', 'MAN' ] ],
  [ [ 2, 3, 4, 1 ], [ 'THAT', 'HABIT', 'MAN', 'KICK' ] ],
  [ [ 2, 4, 3, 1 ], [ 'THAT', 'MAN', 'HABIT', 'KICK' ] ],
  [ [ 4, 2, 3, 1 ], [ 'MAN', 'THAT', 'HABIT', 'KICK' ] ],
  [ [ 3, 2, 1, 4 ], [ 'HABIT', 'THAT', 'KICK', 'MAN' ] ],
  [ [ 3, 2, 4, 1 ], [ 'HABIT', 'THAT', 'MAN', 'KICK' ] ],
  [ [ 3, 4, 2, 1 ], [ 'HABIT', 'MAN', 'THAT', 'KICK' ] ],
  [ [ 4, 3, 2, 1 ], [ 'MAN', 'HABIT', 'THAT', 'KICK' ] ] ]
